2024 131  0   -3.3  152.7   3.7  -2.0  -4.7   6.5  410.   1.8  -0.4   5.4   61023.
2024 131  1   -3.3  152.7   4.3   1.0  -3.7   6.1  398.   1.8  -0.6   5.5   61446.
2024 131  2   -3.3  152.7   2.0  -3.2  -1.6   5.9  425.  -1.2   1.6   6.6   53903.
2024 131  3   -3.3  152.8   0.8  -0.5  -1.3   6.3  430.  -2.3   1.1  10.5   31464.
2024 131  4   -3.3  152.8   0.6   3.1  -2.4   4.2  432.  -2.7   1.6  12.0   53708.
2024 131  5   -3.3  152.9  -0.6   0.7  -0.5   1.6  430.  -2.5   2.3  11.3   58292.
2024 131  6   -3.3  152.9  -0.8   0.8  -0.8   1.6  422.  -4.1   1.5   9.0   64435.
2024 131  7   -3.3  152.9  -1.2   1.3  -0.9   2.1  416.  -3.8   0.4   9.3   54694.
2024 131  8   -3.3  153.0  -2.0   0.9   0.3   2.3  412.  -2.6  -0.3   8.5   51986.
2024 131  9   -3.3  153.0  -0.8   0.7  -0.0   2.3  415.  -2.9  -1.0   8.0   59926.
2024 131 10   -3.3  153.1   0.1   2.4  -2.7   3.7  421.  -2.3  -1.7   4.3   72151.
2024 131 11   -3.3  153.1   0.3   2.5  -2.6   3.8  423.  -2.0  -2.4   3.5   74277.
2024 131 12   -3.3  153.1   2.6   0.5  -1.9   3.5  409.  -1.5  -0.7   2.9   87778.
2024 131 13   -3.3  153.2   2.8  -0.7   0.4   3.2  411.  -3.2   0.7   3.2  102376.
2024 131 14   -3.3  153.2   2.4  -0.6  -1.2   3.7  446.  -1.2  -1.6   5.1  119662.
2024 131 15   -3.3  153.3   1.7   0.7  -0.4   2.5  455.  -0.9  -1.3  14.2   56514.
2024 131 16   -3.3  153.3   1.2  -1.6   1.4   2.8  449.   0.1  -2.2  15.6   49943.
2024 131 17   -3.3  153.3   3.7   4.2  -4.7  15.5  571.   2.6  -3.3  29.1  365846.
2024 131 18   -3.3  153.4   8.3  20.6  -9.8  31.1  697.   2.2  -5.2  32.9  871652.
2024 131 19   -3.3  153.4  -3.0  20.8   9.9  31.1  664.   2.0  -1.6  35.2  963992.
2024 131 20   -3.3  153.5  12.7  10.9 -24.8  32.7  702.   0.3  -3.9  48.1  303344.
2024 131 21   -3.2  153.5  19.9  17.8 -30.1  41.6  697.  -1.9  -1.9  32.6  192777.
2024 131 22   -3.2  153.5  11.5  17.3  -5.5  59.5  729.   2.2  -1.2  20.1  217629.
2024 131 23   -3.2  153.6   2.8 -60.3 -31.0  68.9  740.  -0.8  -0.3  20.2  127551.
2024 132  0   -3.2  153.6  11.8 -12.4 -48.2  54.3  742.  -2.4  -0.4  14.7  424750.
2024 132  1   -3.2  153.7  23.0  27.3 -23.8  49.5  732.  -2.8  -4.7  25.2  533137.
2024 132  2   -3.2  153.7   8.8  10.0 -17.9  30.7  738.   2.0  -1.3  38.4  416056.
2024 132  3   -3.2  153.7  15.9  23.0 -14.5  34.7  748.  -1.2   1.3  17.5  217724.
2024 132  4   -3.2  153.8  15.6  33.0  -6.8  39.6  704.  -2.7   1.4   8.4  183194.
2024 132  5   -3.2  153.8  14.6  30.0  17.2  38.5  700.   4.6   1.7  19.9  217474.
2024 132  6   -3.2  153.9  21.0  19.0  -4.3  37.2  692.   2.3   1.6  31.7  397715.
2024 132  7   -3.2  153.9  11.2 -17.2 -23.5  38.3  689.   1.8   2.6  33.9  384618.
2024 132  8   -3.2  153.9   1.4 -16.7 -20.1  32.7  709.  -2.4   0.2  22.6  351270.
2024 132  9   -3.2  154.0   2.5  -3.8 -37.0  38.4  691.  -2.9  -0.7  13.1  192210.
2024 132 10   -3.2  154.0  -3.0  -0.9 -13.2  19.1  691.  -2.8  -0.3  32.8  345442.
2024 132 11   -3.2  154.1  -3.2  -5.5  -2.5  14.8  759.  -3.1   2.6  17.8  526728.
2024 132 12   -3.2  154.1   5.6  -7.0 -18.5  24.2  809.  -3.5   4.6  12.5  145543.
2024 132 13   -3.2  154.1  13.2  -3.0 -23.7  27.6  804.  -3.0   5.9   8.5  102221.
2024 132 14   -3.2  154.2   7.1  -6.4 -22.4  24.6  770.  -3.0   3.8   7.9  103817.
2024 132 15   -3.2  154.2   8.1   2.3 -14.6  17.7  793.  -0.1   3.2   7.5   78844.
2024 132 16   -3.2  154.3   7.4   7.2  -5.7  12.6  785.   1.3   1.1   5.2   68683.
2024 132 17   -3.2  154.3   6.0   6.1  -2.3   9.7  796.   0.0   0.9   4.5   96238.
2024 132 18   -3.2  154.3  -0.7  -7.6  -1.5  12.2  863.  -2.2   2.1   8.3  172716.
2024 132 19   -3.1  154.4  -0.8  -2.8  -0.5  14.2  880.  -5.8  -1.6   8.5  456683.
2024 132 20   -3.1  154.4  -2.8  -2.2  -1.1  10.3  896.  -4.8  -1.7   7.0  382027.
2024 132 21   -3.1  154.5  -2.7  -2.2  -0.3  10.9  894.  -3.6   0.2   8.1  252303.
2024 132 22   -3.1  154.5   7.2  -3.7   7.1  13.0  887.  -3.0   0.9   7.0  190396.
2024 132 23   -3.1  154.5  -3.2  -7.8  -0.6  10.4  882.  -0.8   1.1   1.7  758667.
2024 133  0   -3.1  154.6  -4.7  -4.6  -2.1   7.5  938.   1.9  -1.4   2.0  630171.
2024 133  1   -3.1  154.6  -4.9   3.8  -3.5   7.9 1006.   1.8  -1.6   2.5  206127.
2024 133  2   -3.1  154.7  -0.6   3.5  -1.8   6.9  960.   0.3  -1.3   4.5   82940.
2024 133  3   -3.1  154.7   4.2  -0.4   2.2   7.2  935.  -0.0  -0.3   6.6   24903.
2024 133  4   -3.1  154.7   5.6   0.7   2.4   6.6  926.   0.3  -0.2   9.0   27470.
2024 133  5   -3.1  154.8   5.1  -0.7   2.9   6.0  909.  -0.4  -0.4   3.1   21688.
2024 133  6   -3.1  154.8   4.3  -0.7   2.7   5.2  886.  -0.9   0.1   2.2   13036.
2024 133  7   -3.1  154.9   3.8   0.3   1.9   4.3  876.  -1.2  -0.1   1.5   16024.
2024 133  8   -3.1  154.9   4.3  -0.3   1.0   4.5  853.  -0.9   0.0   1.3  152116.
2024 133  9   -3.1  154.9   5.7  -0.0   1.0   6.1  855.  -2.7  -2.1   1.7   65402.
2024 133 10   -3.1  155.0   8.7  -2.9   4.8  10.7  878.  -8.1  -1.2   3.1  121802.
2024 133 11   -3.1  155.0   8.6  -1.0   4.3   9.9  875.  -7.5  -2.6   1.4  404251.
2024 133 12   -3.1  155.1   7.8  -2.7   3.0   9.0  874.  -7.1  -6.4   1.0  628208.
2024 133 13   -3.1  155.1   6.8  -2.9   2.3   8.0  859.  -3.4  -6.0   0.9  556381.
2024 133 14   -3.1  155.1   5.1  -3.1  -0.8   6.7  862.  -0.9  -7.0   1.0  530791.
2024 133 15   -3.1  155.2   5.1  -3.2   0.0   6.1  852.  -0.5  -8.6   0.9  678631.
2024 133 16   -3.1  155.2   4.2  -3.2   0.9   5.7  840.  -0.2  -9.7   1.1  994196.
2024 133 17   -3.0  155.3   3.4  -4.1   0.3   5.7  854.   0.5  -8.2   1.4 1235003.
2024 133 18   -3.0  155.3  -0.8  -5.2  -1.5   6.2  900.   1.8  -5.4   1.8 1103747.
2024 133 19   -3.0  155.3   1.4  -5.7  -1.7   6.5  872.   2.5  -3.5   2.0  728125.
2024 133 20   -3.0  155.4   0.2  -4.8  -4.5   6.8  863.   4.0  -2.6   2.3  540616.
2024 133 21   -3.0  155.4   0.6  -3.1  -7.6   8.6  834.   5.8  -4.5   3.1  163092.
2024 133 22   -3.0  155.5   0.1  -1.8  -3.0   9.7  834.   4.3  -1.0   4.5  162215.
2024 133 23   -3.0  155.5   2.4  -6.2  -0.0   8.0  829.   0.9   0.7   6.9  108901.
